43.771509 -79.189819
43.795009 -79.574965
43.705339 -79.393252
43.747363 -79.374305
43.805234 -79.299052
43.689005 -79.460438
43.559558 -79.593113
43.815778 -79.145282
43.673228 -79.551546
43.783555 -79.317430
43.634511 -79.400615
43.819421 -79.322247
43.596243 -79.521544
43.692078 -79.297151
43.646383 -79.479049
43.749820 -79.403101
43.560203 -79.621503
43.714141 -79.402003
43.788661 -79.162077
43.778277 -79.364542
43.810287 -79.112837
43.690213 -79.384350
43.847463 -79.104605
43.749513 -79.380707
43.791183 -79.550750
43.697896 -79.328358
43.693417 -79.312698
43.722454 -79.227767
43.726146 -79.227219
43.689266 -79.615821
43.829292 -79.566673
43.674354 -79.313351
43.637021 -79.437285
43.682743 -79.429538
43.718130 -79.414642
43.758054 -79.266592
43.822313 -79.222807
43.838812 -79.531021
43.790166 -79.315080
43.794409 -79.185768
43.723497 -79.389717
43.770690 -79.371607
43.779436 -79.411865
43.827821 -79.473685
43.809060 -79.392310
43.648332 -79.477143
43.740951 -79.214147
43.808249 -79.184558
43.834905 -79.016415
43.834905 -79.016415
43.847424 -79.556899
43.716895 -79.604065
43.755057 -79.366291
43.784723 -79.399786
43.692753 -79.281085
43.796391 -79.203648
43.602213 -79.604276
43.731302 -79.398581
43.543999 -79.602413
43.612310 -79.579392
43.713726 -79.249459
43.717885 -79.604113
43.823786 -79.033951
43.753146 -79.251285
43.825311 -79.199427
43.664828 -79.551107
43.820960 -79.087090
43.721648 -79.430197
43.699336 -79.445326
43.693146 -79.291278
43.765686 -79.253242
43.843700 -79.394479
43.698943 -79.524006
43.732745 -79.313298
43.713579 -79.292365
43.714786 -79.276001
43.695528 -79.451629
43.664466 -79.550275
43.522015 -79.630146
43.661935 -79.327414
43.820035 -79.211270
43.559885 -79.585706
43.610152 -79.556940
43.718472 -79.604798
43.794117 -79.618444
43.710149 -79.387968
43.626994 -79.500388
43.766820 -79.206650
43.846654 -79.556676
43.810736 -79.183082
43.684145 -79.324025
43.556592 -79.603742
43.743671 -79.390429
43.715812 -79.235894
43.830568 -79.573657
43.691966 -79.322680
43.672257 -79.289948
43.703662 -79.400153
43.743244 -79.211877
43.726541 -79.233198
